----- Run 1-----
x = 9.077395778271805 nm
y = 10.481184362937373 nm
z = 10.073073734600001 nm
Area = 9.514185868741618e-17 m^2
IR = 1.0107677568445934e-07 Km^2/W
